% Just some sample vertex data.

V1 = [    0.0000   -1.0515
          0.0000   -1.0515
          0.0000    1.0515
          0.0000    1.0515
         -1.0515   -1.7013
         -1.0515    1.7013
          1.0515    1.7013
          1.0515   -1.7013
         -1.7013    0.0000   
          1.7013         0
          1.7013         0
         -1.7013    0.0000];
 
 V2 = [   -0.7071   -0.7071
           0.7071   -0.7071
           0.7071    0.7071
          -0.7071    0.7071
           0.0000         0
           0.0000         0];