% Just some sample vertex data.

V1 = [   
         -1.0515    1.7013
         -3.0515    0.0000
         -1.0515   -1.7013
          1.0515   -1.7013
          1.0515    1.7013];
 
 V2 = [   -0.7071   -0.7071
           0.7071   -0.7071
           0.7071    0.7071
          -0.7071    0.7071];