% Just some sample face and vertex data.
% platonic_solid by Kevin Moerman: https://www.mathworks.com/matlabcentral/fileexchange/28213-platonic-solid
% helped me generate these numbers

V1 = [   -0.7071   -0.7071         0
    0.7071   -0.7071         0
    0.7071    0.7071         0
   -0.7071    0.7071         0
    0.0000         0   -1.0000
    0.0000         0    1.0000];

F1 = [      1     2     5
     2     3     5
     3     4     5
     4     1     5
     1     2     6
     2     3     6
     3     4     6
     4     1     6];

 
 V2 = [   -0.7071   -0.7071         0
    0.7071   -0.7071         0
    0.7071    0.7071         0
   -0.7071    0.7071         0
    0.0000         0   -1.0000
    0.0000         0    1.0000];

F2 = [      1     2     5
     2     3     5
     3     4     5
     4     1     5
     1     2     6
     2     3     6
     3     4     6
     4     1     6];